10 5 10
9.938 5.782 10
9.755 6.545 10
9.455 7.27 10
9.045 7.939 10
8.536 8.536 10
7.939 9.045 10
7.27 9.455 10
6.545 9.755 10
5.782 9.938 10
5 10 10
4.218 9.938 10
3.455 9.755 10
2.73 9.455 10
2.061 9.045 10
1.464 8.536 10
0.9549 7.939 10
0.545 7.27 10
0.2447 6.545 10
0.06156 5.782 10
0 5 10
0.06156 4.218 10
0.2447 3.455 10
0.545 2.73 10
0.9549 2.061 10
1.464 1.464 10
2.061 0.9549 10
2.73 0.545 10
3.455 0.2447 10
4.218 0.06156 10
5 0 10
5.782 0.06156 10
6.545 0.2447 10
7.27 0.545 10
7.939 0.9549 10
8.536 1.464 10
9.045 2.061 10
9.455 2.73 10
9.755 3.455 10
9.938 4.218 10
9.816 4.918 9.796
9.774 5.685 9.796
9.613 6.432 9.796
9.338 7.142 9.796
8.954 7.797 9.796
8.474 8.382 9.796
7.908 8.881 9.796
7.271 9.282 9.796
6.579 9.577 9.796
5.85 9.756 9.796
5.102 9.816 9.796
4.336 9.774 9.796
3.588 9.613 9.796
2.878 9.338 9.796
2.223 8.954 9.796
1.639 8.474 9.796
1.14 7.908 9.796
0.7379 7.271 9.796
0.4438 6.579 9.796
0.2644 5.85 9.796
0.2041 5.102 9.796
0.246 4.336 9.796
0.4071 3.588 9.796
0.6828 2.878 9.796
1.066 2.223 9.796
1.547 1.639 9.796
2.113 1.14 9.796
2.75 0.7379 9.796
3.442 0.4438 9.796
4.171 0.2644 9.796
4.918 0.2041 9.796
5.685 0.246 9.796
6.432 0.4071 9.796
7.142 0.6828 9.796
7.797 1.066 9.796
8.382 1.547 9.796
8.881 2.113 9.796
9.282 2.75 9.796
9.577 3.442 9.796
9.756 4.171 9.796
9.633 4.837 9.592
9.61 5.587 9.592
9.471 6.319 9.592
9.22 7.014 9.592
8.864 7.656 9.592
8.412 8.228 9.592
7.876 8.717 9.592
7.271 9.11 9.592
6.613 9.398 9.592
5.918 9.574 9.592
5.204 9.633 9.592
4.454 9.61 9.592
3.722 9.471 9.592
3.027 9.22 9.592
2.385 8.864 9.592
1.813 8.412 9.592
1.324 7.876 9.592
0.9309 7.271 9.592
0.6429 6.613 9.592
0.4672 5.918 9.592
0.4082 5.204 9.592
0.4305 4.454 9.592
0.5694 3.722 9.592
0.8207 3.027 9.592
1.177 2.385 9.592
1.629 1.813 9.592
2.165 1.324 9.592
2.77 0.9309 9.592
3.428 0.6429 9.592
4.123 0.4672 9.592
4.837 0.4082 9.592
5.587 0.4305 9.592
6.319 0.5694 9.592
7.014 0.8207 9.592
7.656 1.177 9.592
8.228 1.629 9.592
8.717 2.165 9.592
9.11 2.77 9.592
9.398 3.428 9.592
9.574 4.123 9.592
9.449 4.755 9.388
9.446 5.489 9.388
9.329 6.206 9.388
9.103 6.886 9.388
8.773 7.514 9.388
8.35 8.074 9.388
7.845 8.553 9.388
7.272 8.937 9.388
6.646 9.219 9.388
5.985 9.391 9.388
5.306 9.449 9.388
4.572 9.446 9.388
3.856 9.329 9.388
3.175 9.103 9.388
2.547 8.773 9.388
1.987 8.35 9.388
1.509 7.845 9.388
1.124 7.272 9.388
0.842 6.646 9.388
0.67 5.985 9.388
0.6122 5.306 9.388
0.6149 4.572 9.388
0.7318 3.856 9.388
0.9585 3.175 9.388
1.288 2.547 9.388
1.712 1.987 9.388
2.217 1.509 9.388
2.789 1.124 9.388
3.415 0.842 9.388
4.076 0.67 9.388
4.755 0.6122 9.388
5.489 0.6149 9.388
6.206 0.7318 9.388
6.886 0.9585 9.388
7.514 1.288 9.388
8.074 1.712 9.388
8.553 2.217 9.388
8.937 2.789 9.388
9.219 3.415 9.388
9.391 4.076 9.388
9.265 4.673 9.184
9.282 5.392 9.184
9.188 6.092 9.184
8.985 6.758 9.184
8.682 7.372 9.184
8.288 7.92 9.184
7.813 8.388 9.184
7.272 8.765 9.184
6.68 9.041 9.184
6.053 9.209 9.184
5.408 9.265 9.184
4.69 9.282 9.184
3.989 9.188 9.184
3.324 8.985 9.184
2.709 8.682 9.184
2.161 8.288 9.184
1.693 7.813 9.184
1.317 7.272 9.184
1.041 6.68 9.184
0.8729 6.053 9.184
0.8163 5.408 9.184
0.7994 4.69 9.184
0.8941 3.989 9.184
1.096 3.324 9.184
1.399 2.709 9.184
1.794 2.161 9.184
2.268 1.693 9.184
2.809 1.317 9.184
3.401 1.041 9.184
4.029 0.8729 9.184
4.673 0.8163 9.184
5.392 0.7994 9.184
6.092 0.8941 9.184
6.758 1.096 9.184
7.372 1.399 9.184
7.92 1.794 9.184
8.388 2.268 9.184
8.765 2.809 9.184
9.041 3.401 9.184
9.209 4.029 9.184
9.082 4.592 8.98
9.118 5.294 8.98
9.046 5.979 8.98
8.868 6.63 8.98
8.592 7.231 8.98
8.226 7.767 8.98
7.782 8.224 8.98
7.273 8.592 8.98
6.714 8.862 8.98
6.121 9.026 8.98
5.51 9.082 8.98
4.808 9.118 8.98
4.123 9.046 8.98
3.472 8.868 8.98
2.871 8.592 8.98
2.335 8.226 8.98
1.878 7.782 8.98
1.51 7.273 8.98
1.24 6.714 8.98
1.076 6.121 8.98
1.02 5.51 8.98
0.9838 4.808 8.98
1.056 4.123 8.98
1.234 3.472 8.98
1.511 2.871 8.98
1.876 2.335 8.98
2.32 1.878 8.98
2.829 1.51 8.98
3.388 1.24 8.98
3.981 1.076 8.98
4.592 1.02 8.98
5.294 0.9838 8.98
5.979 1.056 8.98
6.63 1.234 8.98
7.231 1.511 8.98
7.767 1.876 8.98
8.224 2.32 8.98
8.592 2.829 8.98
8.862 3.388 8.98
9.026 3.981 8.98
8.898 4.51 8.776
8.954 5.197 8.776
8.904 5.866 8.776
8.75 6.502 8.776
8.501 7.089 8.776
8.164 7.613 8.776
7.75 8.06 8.776
7.274 8.42 8.776
6.748 8.683 8.776
6.188 8.844 8.776
5.612 8.898 8.776
4.926 8.954 8.776
4.256 8.904 8.776
3.62 8.75 8.776
3.033 8.501 8.776
2.51 8.164 8.776
2.062 7.75 8.776
1.703 7.274 8.776
1.439 6.748 8.776
1.279 6.188 8.776
1.224 5.612 8.776
1.168 4.926 8.776
1.219 4.256 8.776
1.372 3.62 8.776
1.622 3.033 8.776
1.959 2.51 8.776
2.372 2.062 8.776
2.849 1.703 8.776
3.375 1.439 8.776
3.934 1.279 8.776
4.51 1.224 8.776
5.197 1.168 8.776
5.866 1.219 8.776
6.502 1.372 8.776
7.089 1.622 8.776
7.613 1.959 8.776
8.06 2.372 8.776
8.42 2.849 8.776
8.683 3.375 8.776
8.844 3.934 8.776
8.714 4.429 8.571
8.79 5.099 8.571
8.762 5.753 8.571
8.633 6.374 8.571
8.41 6.948 8.571
8.102 7.459 8.571
7.719 7.896 8.571
7.274 8.247 8.571
6.782 8.505 8.571
6.256 8.662 8.571
5.714 8.714 8.571
5.044 8.79 8.571
4.39 8.762 8.571
3.769 8.633 8.571
3.195 8.41 8.571
2.684 8.102 8.571
2.247 7.719 8.571
1.896 7.274 8.571
1.638 6.782 8.571
1.481 6.256 8.571
1.429 5.714 8.571
1.353 5.044 8.571
1.381 4.39 8.571
1.51 3.769 8.571
1.733 3.195 8.571
2.041 2.684 8.571
2.424 2.247 8.571
2.869 1.896 8.571
3.361 1.638 8.571
3.887 1.481 8.571
4.429 1.429 8.571
5.099 1.353 8.571
5.753 1.381 8.571
6.374 1.51 8.571
6.948 1.733 8.571
7.459 2.041 8.571
7.896 2.424 8.571
8.247 2.869 8.571
8.505 3.361 8.571
8.662 3.887 8.571
8.531 4.347 8.367
8.626 5.001 8.367
8.62 5.64 8.367
8.515 6.246 8.367
8.319 6.806 8.367
8.04 7.305 8.367
7.688 7.732 8.367
7.275 8.075 8.367
6.815 8.326 8.367
6.324 8.479 8.367
5.816 8.531 8.367
5.162 8.626 8.367
4.524 8.62 8.367
3.917 8.515 8.367
3.357 8.319 8.367
2.858 8.04 8.367
2.432 7.688 8.367
2.089 7.275 8.367
1.837 6.815 8.367
1.684 6.324 8.367
1.633 5.816 8.367
1.537 5.162 8.367
1.544 4.524 8.367
1.648 3.917 8.367
1.844 3.357 8.367
2.123 2.858 8.367
2.476 2.432 8.367
2.888 2.089 8.367
3.348 1.837 8.367
3.839 1.684 8.367
4.347 1.633 8.367
5.001 1.537 8.367
5.64 1.544 8.367
6.246 1.648 8.367
6.806 1.844 8.367
7.305 2.123 8.367
7.732 2.476 8.367
8.075 2.888 8.367
8.326 3.348 8.367
8.479 3.839 8.367
8.347 4.265 8.163
8.462 4.904 8.163
8.478 5.527 8.163
8.398 6.118 8.163
8.229 6.664 8.163
7.978 7.151 8.163
7.656 7.567 8.163
7.275 7.902 8.163
6.849 8.147 8.163
6.392 8.297 8.163
5.918 8.347 8.163
5.28 8.462 8.163
4.657 8.478 8.163
4.065 8.398 8.163
3.519 8.229 8.163
3.032 7.978 8.163
2.616 7.656 8.163
2.282 7.275 8.163
2.037 6.849 8.163
1.887 6.392 8.163
1.837 5.918 8.163
1.722 5.28 8.163
1.706 4.657 8.163
1.786 4.065 8.163
1.955 3.519 8.163
2.206 3.032 8.163
2.527 2.616 8.163
2.908 2.282 8.163
3.335 2.037 8.163
3.792 1.887 8.163
4.265 1.837 8.163
4.904 1.722 8.163
5.527 1.706 8.163
6.118 1.786 8.163
6.664 1.955 8.163
7.151 2.206 8.163
7.567 2.527 8.163
7.902 2.908 8.163
8.147 3.335 8.163
8.297 3.792 8.163
8.163 4.184 7.959
8.298 4.806 7.959
8.336 5.413 7.959
8.281 5.99 7.959
8.138 6.523 7.959
7.916 6.998 7.959
7.625 7.403 7.959
7.276 7.73 7.959
6.883 7.968 7.959
6.459 8.114 7.959
6.02 8.163 7.959
5.398 8.298 7.959
4.791 8.336 7.959
4.214 8.281 7.959
3.681 8.138 7.959
3.206 7.916 7.959
2.801 7.625 7.959
2.475 7.276 7.959
2.236 6.883 7.959
2.09 6.459 7.959
2.041 6.02 7.959
1.906 5.398 7.959
1.868 4.791 7.959
1.924 4.214 7.959
2.066 3.681 7.959
2.288 3.206 7.959
2.579 2.801 7.959
2.928 2.475 7.959
3.321 2.236 7.959
3.745 2.09 7.959
4.184 2.041 7.959
4.806 1.906 7.959
5.413 1.868 7.959
5.99 1.924 7.959
6.523 2.066 7.959
6.998 2.288 7.959
7.403 2.579 7.959
7.73 2.928 7.959
7.968 3.321 7.959
8.114 3.745 7.959
7.98 4.102 7.755
8.134 4.709 7.755
8.194 5.3 7.755
8.163 5.862 7.755
8.047 6.381 7.755
7.854 6.844 7.755
7.593 7.239 7.755
7.277 7.557 7.755
6.917 7.79 7.755
6.527 7.932 7.755
6.122 7.98 7.755
5.516 8.134 7.755
4.924 8.194 7.755
4.362 8.163 7.755
3.843 8.047 7.755
3.381 7.854 7.755
2.985 7.593 7.755
2.668 7.277 7.755
2.435 6.917 7.755
2.293 6.527 7.755
2.245 6.122 7.755
2.091 5.516 7.755
2.031 4.924 7.755
2.061 4.362 7.755
2.177 3.843 7.755
2.37 3.381 7.755
2.631 2.985 7.755
2.948 2.668 7.755
3.308 2.435 7.755
3.697 2.293 7.755
4.102 2.245 7.755
4.709 2.091 7.755
5.3 2.031 7.755
5.862 2.061 7.755
6.381 2.177 7.755
6.844 2.37 7.755
7.239 2.631 7.755
7.557 2.948 7.755
7.79 3.308 7.755
7.932 3.697 7.755
7.796 4.02 7.551
7.97 4.611 7.551
8.052 5.187 7.551
8.046 5.734 7.551
7.956 6.24 7.551
7.792 6.69 7.551
7.562 7.075 7.551
7.277 7.384 7.551
6.95 7.611 7.551
6.595 7.749 7.551
6.224 7.796 7.551
5.634 7.97 7.551
5.058 8.052 7.551
4.51 8.046 7.551
4.005 7.956 7.551
3.555 7.792 7.551
3.17 7.562 7.551
2.86 7.277 7.551
2.634 6.95 7.551
2.495 6.595 7.551
2.449 6.224 7.551
2.275 5.634 7.551
2.193 5.058 7.551
2.199 4.51 7.551
2.288 4.005 7.551
2.453 3.555 7.551
2.683 3.17 7.551
2.968 2.86 7.551
3.295 2.634 7.551
3.65 2.495 7.551
4.02 2.449 7.551
4.611 2.275 7.551
5.187 2.193 7.551
5.734 2.199 7.551
6.24 2.288 7.551
6.69 2.453 7.551
7.075 2.683 7.551
7.384 2.968 7.551
7.611 3.295 7.551
7.749 3.65 7.551
7.612 3.939 7.347
7.806 4.513 7.347
7.91 5.074 7.347
7.928 5.606 7.347
7.866 6.098 7.347
7.73 6.536 7.347
7.531 6.911 7.347
7.278 7.212 7.347
6.984 7.432 7.347
6.662 7.567 7.347
6.327 7.612 7.347
5.752 7.806 7.347
5.191 7.91 7.347
4.659 7.928 7.347
4.167 7.866 7.347
3.729 7.73 7.347
3.355 7.531 7.347
3.053 7.278 7.347
2.833 6.984 7.347
2.698 6.662 7.347
2.653 6.327 7.347
2.46 5.752 7.347
2.355 5.191 7.347
2.337 4.659 7.347
2.4 4.167 7.347
2.535 3.729 7.347
2.735 3.355 7.347
2.987 3.053 7.347
3.281 2.833 7.347
3.603 2.698 7.347
3.939 2.653 7.347
4.513 2.46 7.347
5.074 2.355 7.347
5.606 2.337 7.347
6.098 2.4 7.347
6.536 2.535 7.347
6.911 2.735 7.347
7.212 2.987 7.347
7.432 3.281 7.347
7.567 3.603 7.347
7.429 3.857 7.143
7.642 4.416 7.143
7.768 4.961 7.143
7.811 5.479 7.143
7.775 5.956 7.143
7.668 6.383 7.143
7.499 6.746 7.143
7.279 7.039 7.143
7.018 7.254 7.143
6.73 7.385 7.143
6.429 7.429 7.143
5.87 7.642 7.143
5.325 7.768 7.143
4.807 7.811 7.143
4.329 7.775 7.143
3.903 7.668 7.143
3.539 7.499 7.143
3.246 7.279 7.143
3.032 7.018 7.143
2.901 6.73 7.143
2.857 6.429 7.143
2.644 5.87 7.143
2.518 5.325 7.143
2.475 4.807 7.143
2.511 4.329 7.143
2.617 3.903 7.143
2.786 3.539 7.143
3.007 3.246 7.143
3.268 3.032 7.143
3.556 2.901 7.143
3.857 2.857 7.143
4.416 2.644 7.143
4.961 2.518 7.143
5.479 2.475 7.143
5.956 2.511 7.143
6.383 2.617 7.143
6.746 2.786 7.143
7.039 3.007 7.143
7.254 3.268 7.143
7.385 3.556 7.143
7.245 3.776 6.939
7.478 4.318 6.939
7.626 4.848 6.939
7.693 5.351 6.939
7.684 5.815 6.939
7.606 6.229 6.939
7.468 6.582 6.939
7.279 6.867 6.939
7.052 7.075 6.939
6.798 7.202 6.939
6.531 7.245 6.939
5.988 7.478 6.939
5.459 7.626 6.939
4.956 7.693 6.939
4.491 7.684 6.939
4.077 7.606 6.939
3.724 7.468 6.939
3.439 7.279 6.939
3.231 7.052 6.939
3.104 6.798 6.939
3.061 6.531 6.939
2.828 5.988 6.939
2.68 5.459 6.939
2.613 4.956 6.939
2.622 4.491 6.939
2.7 4.077 6.939
2.838 3.724 6.939
3.027 3.439 6.939
3.254 3.231 6.939
3.508 3.104 6.939
3.776 3.061 6.939
4.318 2.828 6.939
4.848 2.68 6.939
5.351 2.613 6.939
5.815 2.622 6.939
6.229 2.7 6.939
6.582 2.838 6.939
6.867 3.027 6.939
7.075 3.254 6.939
7.202 3.508 6.939
7.061 3.694 6.735
7.314 4.221 6.735
7.484 4.734 6.735
7.576 5.223 6.735
7.594 5.673 6.735
7.544 6.075 6.735
7.436 6.418 6.735
7.28 6.694 6.735
7.085 6.896 6.735
6.866 7.02 6.735
6.633 7.061 6.735
6.106 7.314 6.735
5.592 7.484 6.735
5.104 7.576 6.735
4.653 7.594 6.735
4.252 7.544 6.735
3.908 7.436 6.735
3.632 7.28 6.735
3.43 7.085 6.735
3.307 6.866 6.735
3.265 6.633 6.735
3.013 6.106 6.735
2.842 5.592 6.735
2.751 5.104 6.735
2.733 4.653 6.735
2.782 4.252 6.735
2.89 3.908 6.735
3.047 3.632 6.735
3.241 3.43 6.735
3.461 3.307 6.735
3.694 3.265 6.735
4.221 3.013 6.735
4.734 2.842 6.735
5.223 2.751 6.735
5.673 2.733 6.735
6.075 2.782 6.735
6.418 2.89 6.735
6.694 3.047 6.735
6.896 3.241 6.735
7.02 3.461 6.735
6.878 3.612 6.531
7.15 4.123 6.531
7.342 4.621 6.531
7.458 5.095 6.531
7.503 5.532 6.531
7.482 5.921 6.531
7.405 6.254 6.531
7.28 6.522 6.531
7.119 6.718 6.531
6.933 6.837 6.531
6.735 6.878 6.531
6.224 7.15 6.531
5.726 7.342 6.531
5.252 7.458 6.531
4.815 7.503 6.531
4.426 7.482 6.531
4.093 7.405 6.531
3.825 7.28 6.531
3.629 7.119 6.531
3.51 6.933 6.531
3.469 6.735 6.531
3.197 6.224 6.531
3.005 5.726 6.531
2.889 5.252 6.531
2.844 4.815 6.531
2.865 4.426 6.531
2.942 4.093 6.531
3.067 3.825 6.531
3.228 3.629 6.531
3.414 3.51 6.531
3.612 3.469 6.531
4.123 3.197 6.531
4.621 3.005 6.531
5.095 2.889 6.531
5.532 2.844 6.531
5.921 2.865 6.531
6.254 2.942 6.531
6.522 3.067 6.531
6.718 3.228 6.531
6.837 3.414 6.531
6.694 3.531 6.327
6.986 4.025 6.327
7.2 4.508 6.327
7.341 4.967 6.327
7.412 5.39 6.327
7.42 5.767 6.327
7.374 6.09 6.327
7.281 6.349 6.327
7.153 6.539 6.327
7.001 6.655 6.327
6.837 6.694 6.327
6.342 6.986 6.327
5.859 7.2 6.327
5.401 7.341 6.327
4.977 7.412 6.327
4.6 7.42 6.327
4.278 7.374 6.327
4.018 7.281 6.327
3.828 7.153 6.327
3.712 7.001 6.327
3.673 6.837 6.327
3.382 6.342 6.327
3.167 5.859 6.327
3.026 5.401 6.327
2.955 4.977 6.327
2.947 4.6 6.327
2.994 4.278 6.327
3.086 4.018 6.327
3.214 3.828 6.327
3.366 3.712 6.327
3.531 3.673 6.327
4.025 3.382 6.327
4.508 3.167 6.327
4.967 3.026 6.327
5.39 2.955 6.327
5.767 2.947 6.327
6.09 2.994 6.327
6.349 3.086 6.327
6.539 3.214 6.327
6.655 3.366 6.327
6.51 3.449 6.122
6.821 3.928 6.122
7.058 4.395 6.122
7.223 4.839 6.122
7.321 5.248 6.122
7.358 5.614 6.122
7.342 5.926 6.122
7.282 6.177 6.122
7.187 6.36 6.122
7.069 6.473 6.122
6.939 6.51 6.122
6.46 6.821 6.122
5.993 7.058 6.122
5.549 7.223 6.122
5.139 7.321 6.122
4.774 7.358 6.122
4.462 7.342 6.122
4.211 7.282 6.122
4.027 7.187 6.122
3.915 7.069 6.122
3.878 6.939 6.122
3.566 6.46 6.122
3.329 5.993 6.122
3.164 5.549 6.122
3.066 5.139 6.122
3.029 4.774 6.122
3.046 4.462 6.122
3.106 4.211 6.122
3.201 4.027 6.122
3.319 3.915 6.122
3.449 3.878 6.122
3.928 3.566 6.122
4.395 3.329 6.122
4.839 3.164 6.122
5.248 3.066 6.122
5.614 3.029 6.122
5.926 3.046 6.122
6.177 3.106 6.122
6.36 3.201 6.122
6.473 3.319 6.122
6.327 3.367 5.918
6.657 3.83 5.918
6.916 4.282 5.918
7.106 4.711 5.918
7.231 5.107 5.918
7.297 5.46 5.918
7.311 5.761 5.918
7.282 6.004 5.918
7.221 6.182 5.918
7.136 6.29 5.918
7.041 6.327 5.918
6.578 6.657 5.918
6.126 6.916 5.918
5.697 7.106 5.918
5.301 7.231 5.918
4.948 7.297 5.918
4.647 7.311 5.918
4.404 7.282 5.918
4.226 7.221 5.918
4.118 7.136 5.918
4.082 7.041 5.918
3.751 6.578 5.918
3.492 6.126 5.918
3.302 5.697 5.918
3.177 5.301 5.918
3.112 4.948 5.918
3.097 4.647 5.918
3.126 4.404 5.918
3.188 4.226 5.918
3.272 4.118 5.918
3.367 4.082 5.918
3.83 3.751 5.918
4.282 3.492 5.918
4.711 3.302 5.918
5.107 3.177 5.918
5.46 3.112 5.918
5.761 3.097 5.918
6.004 3.126 5.918
6.182 3.188 5.918
6.29 3.272 5.918
6.143 3.286 5.714
6.493 3.733 5.714
6.774 4.169 5.714
6.989 4.583 5.714
7.14 4.965 5.714
7.235 5.306 5.714
7.279 5.597 5.714
7.283 5.831 5.714
7.254 6.003 5.714
7.204 6.108 5.714
7.143 6.143 5.714
6.696 6.493 5.714
6.26 6.774 5.714
5.846 6.989 5.714
5.463 7.14 5.714
5.123 7.235 5.714
4.831 7.279 5.714
4.597 7.283 5.714
4.426 7.254 5.714
4.321 7.204 5.714
4.286 7.143 5.714
3.935 6.696 5.714
3.654 6.26 5.714
3.44 5.846 5.714
3.289 5.463 5.714
3.194 5.123 5.714
3.149 4.831 5.714
3.146 4.597 5.714
3.174 4.426 5.714
3.224 4.321 5.714
3.286 4.286 5.714
3.733 3.935 5.714
4.169 3.654 5.714
4.583 3.44 5.714
4.965 3.289 5.714
5.306 3.194 5.714
5.597 3.149 5.714
5.831 3.146 5.714
6.003 3.174 5.714
6.108 3.224 5.714
5.959 3.204 5.51
6.329 3.635 5.51
6.633 4.055 5.51
6.871 4.455 5.51
7.049 4.823 5.51
7.173 5.152 5.51
7.248 5.433 5.51
7.283 5.659 5.51
7.288 5.824 5.51
7.272 5.925 5.51
7.245 5.959 5.51
6.814 6.329 5.51
6.394 6.633 5.51
5.994 6.871 5.51
5.625 7.049 5.51
5.297 7.173 5.51
5.016 7.248 5.51
4.79 7.283 5.51
4.625 7.288 5.51
4.524 7.272 5.51
4.49 7.245 5.51
4.12 6.814 5.51
3.816 6.394 5.51
3.578 5.994 5.51
3.4 5.625 5.51
3.276 5.297 5.51
3.201 5.016 5.51
3.166 4.79 5.51
3.161 4.625 5.51
3.177 4.524 5.51
3.204 4.49 5.51
3.635 4.12 5.51
4.055 3.816 5.51
4.455 3.578 5.51
4.823 3.4 5.51
5.152 3.276 5.51
5.433 3.201 5.51
5.659 3.166 5.51
5.824 3.161 5.51
5.925 3.177 5.51
5.776 3.122 5.306
6.165 3.537 5.306
6.491 3.942 5.306
6.754 4.327 5.306
6.959 4.682 5.306
7.111 4.998 5.306
7.217 5.269 5.306
7.284 5.486 5.306
7.322 5.646 5.306
7.34 5.743 5.306
7.347 5.776 5.306
6.932 6.165 5.306
6.527 6.491 5.306
6.142 6.754 5.306
5.788 6.959 5.306
5.471 7.111 5.306
5.201 7.217 5.306
4.983 7.284 5.306
4.824 7.322 5.306
4.727 7.34 5.306
4.694 7.347 5.306
4.304 6.932 5.306
3.979 6.527 5.306
3.716 6.142 5.306
3.511 5.788 5.306
3.359 5.471 5.306
3.253 5.201 5.306
3.185 4.983 5.306
3.148 4.824 5.306
3.13 4.727 5.306
3.122 4.694 5.306
3.537 4.304 5.306
3.942 3.979 5.306
4.327 3.716 5.306
4.682 3.511 5.306
4.998 3.359 5.306
5.269 3.253 5.306
5.486 3.185 5.306
5.646 3.148 5.306
5.743 3.13 5.306
5.592 3.041 5.102
6.001 3.44 5.102
6.349 3.829 5.102
6.636 4.199 5.102
6.868 4.54 5.102
7.049 4.845 5.102
7.185 5.105 5.102
7.285 5.314 5.102
7.356 5.467 5.102
7.407 5.56 5.102
7.449 5.592 5.102
7.05 6.001 5.102
6.661 6.349 5.102
6.291 6.636 5.102
5.95 6.868 5.102
5.645 7.049 5.102
5.385 7.185 5.102
5.176 7.285 5.102
5.023 7.356 5.102
4.929 7.407 5.102
4.898 7.449 5.102
4.489 7.05 5.102
4.141 6.661 5.102
3.854 6.291 5.102
3.622 5.95 5.102
3.441 5.645 5.102
3.305 5.385 5.102
3.205 5.176 5.102
3.134 5.023 5.102
3.083 4.929 5.102
3.041 4.898 5.102
3.44 4.489 5.102
3.829 4.141 5.102
4.199 3.854 5.102
4.54 3.622 5.102
4.845 3.441 5.102
5.105 3.305 5.102
5.314 3.205 5.102
5.467 3.134 5.102
5.56 3.083 5.102
5.408 2.959 4.898
5.837 3.342 4.898
6.207 3.716 4.898
6.519 4.071 4.898
6.777 4.399 4.898
6.987 4.691 4.898
7.154 4.94 4.898
7.285 5.141 4.898
7.389 5.288 4.898
7.475 5.378 4.898
7.551 5.408 4.898
7.168 5.837 4.898
6.794 6.207 4.898
6.439 6.519 4.898
6.112 6.777 4.898
5.819 6.987 4.898
5.57 7.154 4.898
5.369 7.285 4.898
5.222 7.389 4.898
5.132 7.475 4.898
5.102 7.551 4.898
4.673 7.168 4.898
4.304 6.794 4.898
3.991 6.439 4.898
3.733 6.112 4.898
3.523 5.819 4.898
3.356 5.57 4.898
3.225 5.369 4.898
3.121 5.222 4.898
3.035 5.132 4.898
2.959 5.102 4.898
3.342 4.673 4.898
3.716 4.304 4.898
4.071 3.991 4.898
4.399 3.733 4.898
4.691 3.523 4.898
4.94 3.356 4.898
5.141 3.225 4.898
5.288 3.121 4.898
5.378 3.035 4.898
5.224 2.878 4.694
5.673 3.245 4.694
6.065 3.603 4.694
6.401 3.943 4.694
6.686 4.257 4.694
6.925 4.537 4.694
7.122 4.776 4.694
7.286 4.969 4.694
7.423 5.11 4.694
7.543 5.196 4.694
7.653 5.224 4.694
7.286 5.673 4.694
6.928 6.065 4.694
6.588 6.401 4.694
6.274 6.686 4.694
5.994 6.925 4.694
5.754 7.122 4.694
5.562 7.286 4.694
5.421 7.423 4.694
5.335 7.543 4.694
5.306 7.653 4.694
4.857 7.286 4.694
4.466 6.928 4.694
4.129 6.588 4.694
3.844 6.274 4.694
3.606 5.994 4.694
3.408 5.754 4.694
3.245 5.562 4.694
3.107 5.421 4.694
2.988 5.335 4.694
2.878 5.306 4.694
3.245 4.857 4.694
3.603 4.466 4.694
3.943 4.129 4.694
4.257 3.844 4.694
4.537 3.606 4.694
4.776 3.408 4.694
4.969 3.245 4.694
5.11 3.107 4.694
5.196 2.988 4.694
5.041 2.796 4.49
5.509 3.147 4.49
5.923 3.49 4.49
6.284 3.815 4.49
6.596 4.115 4.49
6.863 4.383 4.49
7.091 4.612 4.49
7.287 4.796 4.49
7.457 4.931 4.49
7.61 5.013 4.49
7.755 5.041 4.49
7.404 5.509 4.49
7.061 5.923 4.49
6.736 6.284 4.49
6.436 6.596 4.49
6.168 6.863 4.49
5.939 7.091 4.49
5.755 7.287 4.49
5.62 7.457 4.49
5.538 7.61 4.49
5.51 7.755 4.49
5.042 7.404 4.49
4.628 7.061 4.49
4.267 6.736 4.49
3.955 6.436 4.49
3.688 6.168 4.49
3.46 5.939 4.49
3.265 5.755 4.49
3.094 5.62 4.49
2.941 5.538 4.49
2.796 5.51 4.49
3.147 5.042 4.49
3.49 4.628 4.49
3.815 4.267 4.49
4.115 3.955 4.49
4.383 3.688 4.49
4.612 3.46 4.49
4.796 3.265 4.49
4.931 3.094 4.49
5.013 2.941 4.49
4.857 2.714 4.286
5.345 3.05 4.286
5.781 3.376 4.286
6.166 3.687 4.286
6.505 3.974 4.286
6.801 4.23 4.286
7.06 4.448 4.286
7.287 4.624 4.286
7.491 4.752 4.286
7.678 4.831 4.286
7.857 4.857 4.286
7.522 5.345 4.286
7.195 5.781 4.286
6.884 6.166 4.286
6.598 6.505 4.286
6.342 6.801 4.286
6.124 7.06 4.286
5.948 7.287 4.286
5.819 7.491 4.286
5.741 7.678 4.286
5.714 7.857 4.286
5.226 7.522 4.286
4.791 7.195 4.286
4.405 6.884 4.286
4.066 6.598 4.286
3.77 6.342 4.286
3.512 6.124 4.286
3.284 5.948 4.286
3.081 5.819 4.286
2.893 5.741 4.286
2.714 5.714 4.286
3.05 5.226 4.286
3.376 4.791 4.286
3.687 4.405 4.286
3.974 4.066 4.286
4.23 3.77 4.286
4.448 3.512 4.286
4.624 3.284 4.286
4.752 3.081 4.286
4.831 2.893 4.286
4.673 2.633 4.082
5.181 2.952 4.082
5.639 3.263 4.082
6.049 3.559 4.082
6.414 3.832 4.082
6.739 4.076 4.082
7.028 4.284 4.082
7.288 4.451 4.082
7.525 4.574 4.082
7.746 4.648 4.082
7.959 4.673 4.082
7.64 5.181 4.082
7.329 5.639 4.082
7.033 6.049 4.082
6.76 6.414 4.082
6.516 6.739 4.082
6.308 7.028 4.082
6.141 7.288 4.082
6.018 7.525 4.082
5.943 7.746 4.082
5.918 7.959 4.082
5.411 7.64 4.082
4.953 7.329 4.082
4.543 7.033 4.082
4.178 6.76 4.082
3.853 6.516 4.082
3.564 6.308 4.082
3.304 6.141 4.082
3.067 6.018 4.082
2.846 5.943 4.082
2.633 5.918 4.082
2.952 5.411 4.082
3.263 4.953 4.082
3.559 4.543 4.082
3.832 4.178 4.082
4.076 3.853 4.082
4.284 3.564 4.082
4.451 3.304 4.082
4.574 3.067 4.082
4.648 2.846 4.082
4.49 2.551 3.878
5.017 2.854 3.878
5.497 3.15 3.878
5.932 3.431 3.878
6.324 3.691 3.878
6.677 3.922 3.878
6.997 4.12 3.878
7.288 4.278 3.878
7.558 4.395 3.878
7.813 4.466 3.878
8.061 4.49 3.878
7.758 5.017 3.878
7.462 5.497 3.878
7.181 5.932 3.878
6.922 6.324 3.878
6.69 6.677 3.878
6.493 6.997 3.878
6.334 7.288 3.878
6.217 7.558 3.878
6.146 7.813 3.878
6.122 8.061 3.878
5.595 7.758 3.878
5.115 7.462 3.878
4.681 7.181 3.878
4.289 6.922 3.878
3.935 6.69 3.878
3.616 6.493 3.878
3.324 6.334 3.878
3.054 6.217 3.878
2.799 6.146 3.878
2.551 6.122 3.878
2.854 5.595 3.878
3.15 5.115 3.878
3.431 4.681 3.878
3.691 4.289 3.878
3.922 3.935 3.878
4.12 3.616 3.878
4.278 3.324 3.878
4.395 3.054 3.878
4.466 2.799 3.878
4.306 2.469 3.673
4.853 2.757 3.673
5.355 3.037 3.673
5.814 3.303 3.673
6.233 3.549 3.673
6.615 3.768 3.673
6.965 3.955 3.673
7.289 4.106 3.673
7.592 4.216 3.673
7.881 4.284 3.673
8.163 4.306 3.673
7.876 4.853 3.673
7.596 5.355 3.673
7.329 5.814 3.673
7.084 6.233 3.673
6.864 6.615 3.673
6.677 6.965 3.673
6.527 7.289 3.673
6.416 7.592 3.673
6.349 7.881 3.673
6.327 8.163 3.673
5.78 7.876 3.673
5.278 7.596 3.673
4.819 7.329 3.673
4.4 7.084 3.673
4.018 6.864 3.673
3.667 6.677 3.673
3.344 6.527 3.673
3.041 6.416 3.673
2.751 6.349 3.673
2.469 6.327 3.673
2.757 5.78 3.673
3.037 5.278 3.673
3.303 4.819 3.673
3.549 4.4 3.673
3.768 4.018 3.673
3.955 3.667 3.673
4.106 3.344 3.673
4.216 3.041 3.673
4.284 2.751 3.673
4.122 2.388 3.469
4.689 2.659 3.469
5.213 2.924 3.469
5.697 3.175 3.469
6.142 3.407 3.469
6.553 3.614 3.469
6.934 3.791 3.469
7.29 3.933 3.469
7.626 4.038 3.469
7.949 4.101 3.469
8.265 4.122 3.469
7.994 4.689 3.469
7.729 5.213 3.469
7.478 5.697 3.469
7.246 6.142 3.469
7.039 6.553 3.469
6.862 6.934 3.469
6.72 7.29 3.469
6.616 7.626 3.469
6.552 7.949 3.469
6.531 8.265 3.469
5.964 7.994 3.469
5.44 7.729 3.469
4.956 7.478 3.469
4.511 7.246 3.469
4.1 7.039 3.469
3.719 6.862 3.469
3.363 6.72 3.469
3.027 6.616 3.469
2.704 6.552 3.469
2.388 6.531 3.469
2.659 5.964 3.469
2.924 5.44 3.469
3.175 4.956 3.469
3.407 4.511 3.469
3.614 4.1 3.469
3.791 3.719 3.469
3.933 3.363 3.469
4.038 3.027 3.469
4.101 2.704 3.469
3.939 2.306 3.265
4.525 2.562 3.265
5.071 2.811 3.265
5.579 3.047 3.265
6.051 3.266 3.265
6.491 3.461 3.265
6.903 3.627 3.265
7.29 3.761 3.265
7.66 3.859 3.265
8.017 3.919 3.265
8.367 3.939 3.265
8.112 4.525 3.265
7.863 5.071 3.265
7.626 5.579 3.265
7.408 6.051 3.265
7.213 6.491 3.265
7.047 6.903 3.265
6.913 7.29 3.265
6.815 7.66 3.265
6.755 8.017 3.265
6.735 8.367 3.265
6.149 8.112 3.265
5.602 7.863 3.265
5.094 7.626 3.265
4.622 7.408 3.265
4.182 7.213 3.265
3.771 7.047 3.265
3.383 6.913 3.265
3.014 6.815 3.265
2.657 6.755 3.265
2.306 6.735 3.265
2.562 6.149 3.265
2.811 5.602 3.265
3.047 5.094 3.265
3.266 4.622 3.265
3.461 4.182 3.265
3.627 3.771 3.265
3.761 3.383 3.265
3.859 3.014 3.265
3.919 2.657 3.265
3.755 2.224 3.061
4.361 2.464 3.061
4.929 2.697 3.061
5.462 2.919 3.061
5.961 3.124 3.061
6.429 3.307 3.061
6.871 3.463 3.061
7.291 3.588 3.061
7.693 3.68 3.061
8.084 3.736 3.061
8.469 3.755 3.061
8.23 4.361 3.061
7.996 4.929 3.061
7.775 5.462 3.061
7.57 5.961 3.061
7.387 6.429 3.061
7.231 6.871 3.061
7.106 7.291 3.061
7.014 7.693 3.061
6.958 8.084 3.061
6.939 8.469 3.061
6.333 8.23 3.061
5.765 7.996 3.061
5.232 7.775 3.061
4.733 7.57 3.061
4.265 7.387 3.061
3.823 7.231 3.061
3.403 7.106 3.061
3 7.014 3.061
2.61 6.958 3.061
2.224 6.939 3.061
2.464 6.333 3.061
2.697 5.765 3.061
2.919 5.232 3.061
3.124 4.733 3.061
3.307 4.265 3.061
3.463 3.823 3.061
3.588 3.403 3.061
3.68 3 3.061
3.736 2.61 3.061
3.571 2.143 2.857
4.197 2.366 2.857
4.787 2.584 2.857
5.344 2.791 2.857
5.87 2.983 2.857
6.367 3.153 2.857
6.84 3.299 2.857
7.291 3.416 2.857
7.727 3.502 2.857
8.152 3.554 2.857
8.571 3.571 2.857
8.348 4.197 2.857
8.13 4.787 2.857
7.923 5.344 2.857
7.732 5.87 2.857
7.561 6.367 2.857
7.416 6.84 2.857
7.299 7.291 2.857
7.213 7.727 2.857
7.16 8.152 2.857
7.143 8.571 2.857
6.518 8.348 2.857
5.927 8.13 2.857
5.37 7.923 2.857
4.844 7.732 2.857
4.347 7.561 2.857
3.875 7.416 2.857
3.423 7.299 2.857
2.987 7.213 2.857
2.562 7.16 2.857
2.143 7.143 2.857
2.366 6.518 2.857
2.584 5.927 2.857
2.791 5.37 2.857
2.983 4.844 2.857
3.153 4.347 2.857
3.299 3.875 2.857
3.416 3.423 2.857
3.502 2.987 2.857
3.554 2.562 2.857
3.388 2.061 2.653
4.033 2.269 2.653
4.645 2.471 2.653
5.227 2.663 2.653
5.779 2.841 2.653
6.305 2.999 2.653
6.808 3.134 2.653
7.292 3.243 2.653
7.761 3.323 2.653
8.22 3.371 2.653
8.673 3.388 2.653
8.466 4.033 2.653
8.264 4.645 2.653
8.071 5.227 2.653
7.894 5.779 2.653
7.735 6.305 2.653
7.6 6.808 2.653
7.492 7.292 2.653
7.412 7.761 2.653
7.363 8.22 2.653
7.347 8.673 2.653
6.702 8.466 2.653
6.089 8.264 2.653
5.508 8.071 2.653
4.955 7.894 2.653
4.429 7.735 2.653
3.926 7.6 2.653
3.443 7.492 2.653
2.974 7.412 2.653
2.515 7.363 2.653
2.061 7.347 2.653
2.269 6.702 2.653
2.471 6.089 2.653
2.663 5.508 2.653
2.841 4.955 2.653
2.999 4.429 2.653
3.134 3.926 2.653
3.243 3.443 2.653
3.323 2.974 2.653
3.371 2.515 2.653
3.204 1.98 2.449
3.869 2.171 2.449
4.503 2.358 2.449
5.109 2.535 2.449
5.689 2.699 2.449
6.243 2.845 2.449
6.777 2.97 2.449
7.293 3.071 2.449
7.795 3.144 2.449
8.287 3.189 2.449
8.776 3.204 2.449
8.584 3.869 2.449
8.397 4.503 2.449
8.22 5.109 2.449
8.056 5.689 2.449
7.91 6.243 2.449
7.785 6.777 2.449
7.684 7.293 2.449
7.611 7.795 2.449
7.566 8.287 2.449
7.551 8.776 2.449
6.887 8.584 2.449
6.252 8.397 2.449
5.646 8.22 2.449
5.067 8.056 2.449
4.512 7.91 2.449
3.978 7.785 2.449
3.462 7.684 2.449
2.96 7.611 2.449
2.468 7.566 2.449
1.98 7.551 2.449
2.171 6.887 2.449
2.358 6.252 2.449
2.535 5.646 2.449
2.699 5.067 2.449
2.845 4.512 2.449
2.97 3.978 2.449
3.071 3.462 2.449
3.144 2.96 2.449
3.189 2.468 2.449
3.02 1.898 2.245
3.705 2.074 2.245
4.361 2.245 2.245
4.992 2.408 2.245
5.598 2.558 2.245
6.181 2.692 2.245
6.745 2.806 2.245
7.293 2.898 2.245
7.828 2.965 2.245
8.355 3.007 2.245
8.878 3.02 2.245
8.702 3.705 2.245
8.531 4.361 2.245
8.368 4.992 2.245
8.218 5.598 2.245
8.084 6.181 2.245
7.969 6.745 2.245
7.877 7.293 2.245
7.81 7.828 2.245
7.769 8.355 2.245
7.755 8.878 2.245
7.071 8.702 2.245
6.414 8.531 2.245
5.784 8.368 2.245
5.178 8.218 2.245
4.594 8.084 2.245
4.03 7.969 2.245
3.482 7.877 2.245
2.947 7.81 2.245
2.42 7.769 2.245
1.898 7.755 2.245
2.074 7.071 2.245
2.245 6.414 2.245
2.408 5.784 2.245
2.558 5.178 2.245
2.692 4.594 2.245
2.806 4.03 2.245
2.898 3.482 2.245
2.965 2.947 2.245
3.007 2.42 2.245
2.837 1.816 2.041
3.54 1.976 2.041
4.219 2.132 2.041
4.874 2.28 2.041
5.507 2.416 2.041
6.119 2.538 2.041
6.714 2.642 2.041
7.294 2.726 2.041
7.862 2.787 2.041
8.423 2.824 2.041
8.98 2.837 2.041
8.82 3.54 2.041
8.664 4.219 2.041
8.516 4.874 2.041
8.38 5.507 2.041
8.258 6.119 2.041
8.154 6.714 2.041
8.07 7.294 2.041
8.009 7.862 2.041
7.972 8.423 2.041
7.959 8.98 2.041
7.255 8.82 2.041
6.576 8.664 2.041
5.921 8.516 2.041
5.289 8.38 2.041
4.676 8.258 2.041
4.082 8.154 2.041
3.502 8.07 2.041
2.934 8.009 2.041
2.373 7.972 2.041
1.816 7.959 2.041
1.976 7.255 2.041
2.132 6.576 2.041
2.28 5.921 2.041
2.416 5.289 2.041
2.538 4.676 2.041
2.642 4.082 2.041
2.726 3.502 2.041
2.787 2.934 2.041
2.824 2.373 2.041
2.653 1.735 1.837
3.376 1.878 1.837
4.078 2.018 1.837
4.757 2.152 1.837
5.416 2.274 1.837
6.058 2.384 1.837
6.683 2.478 1.837
7.294 2.553 1.837
7.896 2.608 1.837
8.491 2.642 1.837
9.082 2.653 1.837
8.938 3.376 1.837
8.798 4.078 1.837
8.665 4.757 1.837
8.542 5.416 1.837
8.432 6.058 1.837
8.339 6.683 1.837
8.263 7.294 1.837
8.208 7.896 1.837
8.175 8.491 1.837
8.163 9.082 1.837
7.44 8.938 1.837
6.739 8.798 1.837
6.059 8.665 1.837
5.4 8.542 1.837
4.759 8.432 1.837
4.134 8.339 1.837
3.522 8.263 1.837
2.92 8.208 1.837
2.326 8.175 1.837
1.735 8.163 1.837
1.878 7.44 1.837
2.018 6.739 1.837
2.152 6.059 1.837
2.274 5.4 1.837
2.384 4.759 1.837
2.478 4.134 1.837
2.553 3.522 1.837
2.608 2.92 1.837
2.642 2.326 1.837
2.469 1.653 1.633
3.212 1.781 1.633
3.936 1.905 1.633
4.64 2.024 1.633
5.326 2.133 1.633
5.996 2.23 1.633
6.651 2.313 1.633
7.295 2.38 1.633
7.93 2.429 1.633
8.558 2.459 1.633
9.184 2.469 1.633
9.056 3.212 1.633
8.931 3.936 1.633
8.813 4.64 1.633
8.704 5.326 1.633
8.606 5.996 1.633
8.523 6.651 1.633
8.456 7.295 1.633
8.407 7.93 1.633
8.377 8.558 1.633
8.367 9.184 1.633
7.624 9.056 1.633
6.901 8.931 1.633
6.197 8.813 1.633
5.511 8.704 1.633
4.841 8.606 1.633
4.185 8.523 1.633
3.542 8.456 1.633
2.907 8.407 1.633
2.278 8.377 1.633
1.653 8.367 1.633
1.781 7.624 1.633
1.905 6.901 1.633
2.024 6.197 1.633
2.133 5.511 1.633
2.23 4.841 1.633
2.313 4.185 1.633
2.38 3.542 1.633
2.429 2.907 1.633
2.459 2.278 1.633
2.286 1.571 1.429
3.048 1.683 1.429
3.794 1.792 1.429
4.522 1.896 1.429
5.235 1.991 1.429
5.934 2.077 1.429
6.62 2.149 1.429
7.296 2.208 1.429
7.964 2.251 1.429
8.626 2.277 1.429
9.286 2.286 1.429
9.174 3.048 1.429
9.065 3.794 1.429
8.961 4.522 1.429
8.866 5.235 1.429
8.781 5.934 1.429
8.708 6.62 1.429
8.649 7.296 1.429
8.606 7.964 1.429
8.58 8.626 1.429
8.571 9.286 1.429
7.809 9.174 1.429
7.064 9.065 1.429
6.335 8.961 1.429
5.622 8.866 1.429
4.923 8.781 1.429
4.237 8.708 1.429
3.561 8.649 1.429
2.894 8.606 1.429
2.231 8.58 1.429
1.571 8.571 1.429
1.683 7.809 1.429
1.792 7.064 1.429
1.896 6.335 1.429
1.991 5.622 1.429
2.077 4.923 1.429
2.149 4.237 1.429
2.208 3.561 1.429
2.251 2.894 1.429
2.277 2.231 1.429
2.102 1.49 1.224
2.884 1.586 1.224
3.652 1.679 1.224
4.405 1.768 1.224
5.144 1.85 1.224
5.872 1.923 1.224
6.588 1.985 1.224
7.296 2.035 1.224
7.997 2.072 1.224
8.694 2.095 1.224
9.388 2.102 1.224
9.292 2.884 1.224
9.199 3.652 1.224
9.11 4.405 1.224
9.028 5.144 1.224
8.955 5.872 1.224
8.892 6.588 1.224
8.842 7.296 1.224
8.805 7.997 1.224
8.783 8.694 1.224
8.776 9.388 1.224
7.993 9.292 1.224
7.226 9.199 1.224
6.473 9.11 1.224
5.733 9.028 1.224
5.006 8.955 1.224
4.289 8.892 1.224
3.581 8.842 1.224
2.88 8.805 1.224
2.184 8.783 1.224
1.49 8.776 1.224
1.586 7.993 1.224
1.679 7.226 1.224
1.768 6.473 1.224
1.85 5.733 1.224
1.923 5.006 1.224
1.985 4.289 1.224
2.035 3.581 1.224
2.072 2.88 1.224
2.095 2.184 1.224
1.918 1.408 1.02
2.72 1.488 1.02
3.51 1.566 1.02
4.287 1.64 1.02
5.054 1.708 1.02
5.81 1.769 1.02
6.557 1.821 1.02
7.297 1.863 1.02
8.031 1.893 1.02
8.761 1.912 1.02
9.49 1.918 1.02
9.41 2.72 1.02
9.332 3.51 1.02
9.258 4.287 1.02
9.19 5.054 1.02
9.129 5.81 1.02
9.077 6.557 1.02
9.035 7.297 1.02
9.005 8.031 1.02
8.986 8.761 1.02
8.98 9.49 1.02
8.178 9.41 1.02
7.388 9.332 1.02
6.611 9.258 1.02
5.844 9.19 1.02
5.088 9.129 1.02
4.341 9.077 1.02
3.601 9.035 1.02
2.867 9.005 1.02
2.137 8.986 1.02
1.408 8.98 1.02
1.488 8.178 1.02
1.566 7.388 1.02
1.64 6.611 1.02
1.708 5.844 1.02
1.769 5.088 1.02
1.821 4.341 1.02
1.863 3.601 1.02
1.893 2.867 1.02
1.912 2.137 1.02
1.735 1.327 0.8163
2.556 1.39 0.8163
3.368 1.453 0.8163
4.17 1.512 0.8163
4.963 1.566 0.8163
5.748 1.615 0.8163
6.526 1.657 0.8163
7.298 1.69 0.8163
8.065 1.715 0.8163
8.829 1.73 0.8163
9.592 1.735 0.8163
9.528 2.556 0.8163
9.466 3.368 0.8163
9.407 4.17 0.8163
9.352 4.963 0.8163
9.303 5.748 0.8163
9.262 6.526 0.8163
9.228 7.298 0.8163
9.204 8.065 0.8163
9.189 8.829 0.8163
9.184 9.592 0.8163
8.362 9.528 0.8163
7.551 9.466 0.8163
6.749 9.407 0.8163
5.956 9.352 0.8163
5.171 9.303 0.8163
4.393 9.262 0.8163
3.621 9.228 0.8163
2.853 9.204 0.8163
2.089 9.189 0.8163
1.327 9.184 0.8163
1.39 8.362 0.8163
1.453 7.551 0.8163
1.512 6.749 0.8163
1.566 5.956 0.8163
1.615 5.171 0.8163
1.657 4.393 0.8163
1.69 3.621 0.8163
1.715 2.853 0.8163
1.73 2.089 0.8163
1.551 1.245 0.6122
2.392 1.293 0.6122
3.226 1.339 0.6122
4.052 1.384 0.6122
4.872 1.425 0.6122
5.686 1.461 0.6122
6.494 1.493 0.6122
7.298 1.518 0.6122
8.099 1.536 0.6122
8.897 1.547 0.6122
9.694 1.551 0.6122
9.646 2.392 0.6122
9.599 3.226 0.6122
9.555 4.052 0.6122
9.514 4.872 0.6122
9.477 5.686 0.6122
9.446 6.494 0.6122
9.421 7.298 0.6122
9.403 8.099 0.6122
9.392 8.897 0.6122
9.388 9.694 0.6122
8.547 9.646 0.6122
7.713 9.599 0.6122
6.886 9.555 0.6122
6.067 9.514 0.6122
5.253 9.477 0.6122
4.445 9.446 0.6122
3.641 9.421 0.6122
2.84 9.403 0.6122
2.042 9.392 0.6122
1.245 9.388 0.6122
1.293 8.547 0.6122
1.339 7.713 0.6122
1.384 6.886 0.6122
1.425 6.067 0.6122
1.461 5.253 0.6122
1.493 4.445 0.6122
1.518 3.641 0.6122
1.536 2.84 0.6122
1.547 2.042 0.6122
1.367 1.163 0.4082
2.228 1.195 0.4082
3.084 1.226 0.4082
3.935 1.256 0.4082
4.781 1.283 0.4082
5.624 1.308 0.4082
6.463 1.328 0.4082
7.299 1.345 0.4082
8.132 1.357 0.4082
8.965 1.365 0.4082
9.796 1.367 0.4082
9.764 2.228 0.4082
9.733 3.084 0.4082
9.703 3.935 0.4082
9.676 4.781 0.4082
9.652 5.624 0.4082
9.631 6.463 0.4082
9.614 7.299 0.4082
9.602 8.132 0.4082
9.594 8.965 0.4082
9.592 9.796 0.4082
8.731 9.764 0.4082
7.875 9.733 0.4082
7.024 9.703 0.4082
6.178 9.676 0.4082
5.335 9.652 0.4082
4.496 9.631 0.4082
3.66 9.614 0.4082
2.827 9.602 0.4082
1.995 9.594 0.4082
1.163 9.592 0.4082
1.195 8.731 0.4082
1.226 7.875 0.4082
1.256 7.024 0.4082
1.283 6.178 0.4082
1.308 5.335 0.4082
1.328 4.496 0.4082
1.345 3.66 0.4082
1.357 2.827 0.4082
1.365 1.995 0.4082
1.184 1.082 0.2041
2.064 1.098 0.2041
2.942 1.113 0.2041
3.817 1.128 0.2041
4.691 1.142 0.2041
5.562 1.154 0.2041
6.431 1.164 0.2041
7.299 1.173 0.2041
8.166 1.179 0.2041
9.032 1.182 0.2041
9.898 1.184 0.2041
9.882 2.064 0.2041
9.866 2.942 0.2041
9.852 3.817 0.2041
9.838 4.691 0.2041
9.826 5.562 0.2041
9.815 6.431 0.2041
9.807 7.299 0.2041
9.801 8.166 0.2041
9.797 9.032 0.2041
9.796 9.898 0.2041
8.916 9.882 0.2041
8.038 9.866 0.2041
7.162 9.852 0.2041
6.289 9.838 0.2041
5.418 9.826 0.2041
4.548 9.815 0.2041
3.68 9.807 0.2041
2.813 9.801 0.2041
1.947 9.797 0.2041
1.082 9.796 0.2041
1.098 8.916 0.2041
1.113 8.038 0.2041
1.128 7.162 0.2041
1.142 6.289 0.2041
1.154 5.418 0.2041
1.164 4.548 0.2041
1.173 3.68 0.2041
1.179 2.813 0.2041
1.182 1.947 0.2041
